		POULE A																							
Saison	Equipe	FAR		KACM		WAC		OCK		MCO		USK		ASFA		SCCM		CODM		ASS		JSH		RSK	
1986/87	FAR	--	--	2	1	2	2	1	0	4	1	4	1	2	1	1	1	2	0	1	0	6	0	4	1
1986/87	KACM	0	2	--	--	1	0	1	0	3	0	0	0	2	0	0	0	1	0	2	0	7	1	2	0
1986/87	WAC	0	0	1	1	--	--	6	1	1	1	3	0	0	0	3	0	2	0	1	0	3	0	1	0
1986/87	OCK	0	0	0	0	2	0	--	--	2	0	2	0	1	0	3	1	1	1	0	0	3	1	3	0
1986/87	MCO	1	1	1	0	1	2	0	0	--	--	4	0	2	1	2	1	1	1	3	1	2	1	1	0
1986/87	USK	1	0	3	1	1	0	2	0	2	1	--	--	1	1	1	0	2	1	4	2	1	0	2	0
1986/87	ASFA	0	1	1	2	2	1	0	1	2	0	2	1	--	--	1	1	1	0	1	0	2	1	2	0
1986/87	SCCM	0	0	1	1	1	0	3	1	1	2	1	0	1	2	--	--	0	0	0	1	2	2	2	1
1986/87	CODM	1	2	0	1	0	2	1	2	1	1	0	0	2	1	1	1	--	--	2	0	2	1	4	1
1986/87	ASS	0	0	0	3	1	0	1	1	0	2	1	1	0	0	1	0	1	1	--	--	1	0	2	0
1986/87	JSH	0	5	0	0	1	1	1	0	0	1	2	1	2	3	0	3	1	2	1	1	--	--	1	1
1986/87	RSK	1	3	1	0	0	6	1	2	1	1	1	2	2	1	0	3	3	4	0	0	2	2	--	--
		POULE B																							
Saison	Equipe	HUSA		RCA		KAC		FUS		RSS		HAN		MAS		USM		UST		RSB		DHJ		KSIRI	
1986/87	HUSA	--	--	1	1	0	0	0	0	1	0	2	0	0	0	4	1	1	0	2	0	1	0	1	0
1986/87	RCA	0	0	--	--	2	2	0	1	1	1	3	0	2	0	2	2	4	0	2	0	2	1	2	0
1986/87	KAC	4	2	0	1	--	--	0	0	2	0	0	0	1	0	1	0	3	1	1	0	1	0	3	1
1986/87	FUS	1	1	0	1	1	0	--	--	1	2	3	1	1	0	1	3	2	0	2	1	0	1	1	0
1986/87	RSS	1	1	2	1	1	1	0	0	--	--	1	1	1	1	1	0	3	1	3	1	0	0	2	0
1986/87	HAN	1	0	0	0	1	0	0	2	1	1	--	--	1	0	0	0	1	0	1	1	1	0	2	0
1986/87	MAS	1	2	1	0	1	0	0	0	1	1	1	1	--	--	1	1	2	0	1	1	4	0	2	0
1986/87	USM	0	0	0	0	0	2	0	1	1	1	1	0	3	1	--	--	2	1	1	1	1	1	3	2
1986/87	UST	1	1	2	1	0	0	1	0	1	1	1	0	0	2	3	1	--	--	1	0	1	0	0	0
1986/87	RSB	1	1	2	0	2	1	2	1	1	1	1	1	0	0	0	0	2	3	--	--	1	0	2	1
1986/87	DHJ	0	0	0	1	0	0	0	0	1	0	0	1	1	1	0	0	0	0	1	1	--	--	2	2
1986/87	KSIRI	0	1	0	1	1	1	0	1	2	0	0	0	1	1	0	2	0	4	2	2	1	1	--	--
		PLAY OFF																							
Saison	Equipe	FAR		KACM		FUS		KAC		WAC		OCK		RCA		HUSA									
1986/87	FAR	--	--			1	0	2	1					2	1	2	0								
1986/87	KACM			--	--	3	0	0	0					2	0	2	1								
1986/87	FUS	0	0	0	0	--	--			3	2	2	0												
1986/87	KAC	1	2	2	1			--	--	0	0	6	0												
1986/87	WAC					1	1	0	1	--	--			0	0	3	0								
1986/87	OCK					0	3	1	0			--	--	2	1	1	0								
1986/87	RCA	2	1	0	0					1	1	1	0	--	--										
1986/87	HUSA	1	1	0	0					0	0	0	0			--	--								
